-0.984081 -0.767 0.998002 1
0.803001 0.992998 0.990002 1
-0.701998 0.326 0.113999 1
-0.330001 0.476001 0.692998 1
0.292001 0.853003 -0.622997 1
0.064 0.453998 -0.609001 1
0.392001 -0.700998 0.958997 1
-0.105 -0.348001 0.26 1
-0.236 -0.344 -0.9537 1
-0.614 0.257 -0.843001 1
0.708999 -0.977 -0.279999 1
-0.983001 -0.385001 -0.407999 1
-0.848 -0.0999995 -0.826001 1
-0.456001 -0.194 0.0599999 1
0.250001 -0.165 0.515001 1
0.701002 0.0139999 0.313001 1
0.813999 -0.635002 -0.155 1
0.0589999 -0.146999 -0.522997 1
-0.949699 -0.482999 0.257 1
0.669001 -0.543 0.0620001 1
-0.0199998 -0.0750005 -0.17 1
0.794998 0.582 0.364 1
-0.706002 -0.356 -0.179 1
0.727 0.827003 0.109 1
0.182 -0.0269999 0.162 1
0.243 0.760002 -0.601001 1
0.697999 -0.279999 -0.753997 1
0.836882 0.95742 -0.819999 1
0.701998 0.760999 -0.223 1
0.239999 -0.22 0.431999 1
0.488001 0.124 0.92 1
-0.0999999 -0.737998 0.808999 1
0.887 0.25 0.332001 1
-0.156999 -0.375001 -0.549 1
-0.542999 0.646003 -0.567 1
-0.882002 0.633 0.764 1
0.023 -0.951001 -0.399 1
-0.397001 -0.535 0.784 1
-0.59 0.0909998 0.712998 1
-0.556999 -0.975998 0.640002 1
0.697998 -0.659997 -0.0689997 1
-0.105 -0.533 -0.0190001 1
-0.448 0.783 -0.133 1
-0.343001 0.119 -0.191 1
-0.213999 -0.314001 0.388 1
-0.514002 0.983399 -0.489001 1
-0.862002 -0.494001 0.770002 1
-0.850002 0.225 -0.102 1
-0.77144 0.783001 -0.606 1
0.259 -0.151 0.3 1
0.688002 0.673999 0.820081 1
0.44 -0.887002 0.622997 1
-0.721002 0.386001 -0.592002 1
0.544999 -0.984001 -0.818997 1
0.502999 -0.149 0.151 1
-0.0419997 -0.89412 -0.571 1
0.215999 0.107 0.714998 1
0.712001 -0.734999 0.774001 1
-0.491999 -0.720999 0.362001 1
-0.87814 -0.718998 -0.679001 1
0.666002 -0.737999 -0.997 1
0.452001 -0.601999 0.780002 1
-0.017 -0.389001 -0.903 1
-0.737999 -0.479999 -0.984 1
-0.216 0.623003 -0.518 1
0.607999 -0.474002 0.428001 1
-0.314001 -0.184 0.917 1
0.484999 -0.244 -0.493 1
-0.778998 -0.249001 -0.577002 1
0.876999 -0.564002 -0.388 1
-0.695002 0.9132 0.577999 1
-0.167 0.209 -0.717 1
0.720001 -0.788002 -0.29 1
0.0450001 0.694 0.451999 1
0.988661 0.185 -0.557 1
0.353 -0.653998 0.383001 1
0.0760001 -0.721002 -0.131 1
-0.124 0.19 0.639 1
0.061 0.799998 -0.911002 1
0.789999 0.489999 0.05 1
-0.801997 -0.46 0.767997 1
0.0299999 -0.719999 -0.526 1
0.266001 -0.395 -0.076 1
-0.016 -0.800997 0.584998 1
-0.135 -0.379 -0.0649999 1
-0.368999 0.639997 0.304 1
0.129 -0.238999 -0.179999 1
0.473001 -0.0200002 -0.165 1
0.244 -0.840079 0.108 1
0.147 -0.261 0.0610004 1
-0.283999 -0.973 0.0990001 1
0.519998 0.168 -0.324 1
-0.107 -0.795002 -0.221999 1
-0.102 -0.729002 0.388999 1
-0.801 0.717 -0.813001 1
-0.00800001 0.0309999 -0.778002 1
-0.990999 -0.79088 0.488001 1
0.706001 0.274 0.712998 1
0.809002 -0.754 0.677001 1
0.185001 -0.287 0.0589998 1
